%YAML:1.0
image_width: 1280
image_height: 1024
camera_name: X1_link
camera_matrix:
  rows: 3
  cols: 3
  data: [1512.2275646310243, 0,  641.8600848323616, 0, 1507.752312549922, 517.7949084156129, 0, 0, 1]
distortion_model: radtan
distortion_coefficients:
  rows: 1
  cols: 5
  data: [-0.2274654652942219, 0.17974500352564166, 0.0001909369766975665,-0.001144568086724896, 0]
